20 
0 1 25 
0 2 12 
0 3 21 
0 4 55 
0 5 33 
0 6 80 
0 7 62 
0 8 20 
0 9 93 
0 10 47 
0 11 74 
0 12 81 
0 13 40 
0 14 55 
0 15 9 
0 16 18 
0 17 37 
0 18 37 
0 19 6 
1 2 76 
1 3 7 
1 4 53 
1 5 35 
1 6 6 
1 7 23 
1 8 15 
1 9 69 
1 10 9 
1 11 76 
1 12 56 
1 13 100 
1 14 61 
1 15 50 
1 16 72 
1 17 42 
1 18 30 
1 19 70 
2 3 60 
2 4 92 
2 5 4 
2 6 100 
2 7 100 
2 8 99 
2 9 19 
2 10 26 
2 11 97 
2 12 7 
2 13 9 
2 14 92 
2 15 85 
2 16 35 
2 17 73 
2 18 45 
2 19 38 
3 4 11 
3 5 55 
3 6 19 
3 7 74 
3 8 52 
3 9 59 
3 10 57 
3 11 65 
3 12 8 
3 13 4 
3 14 83 
3 15 75 
3 16 27 
3 17 58 
3 18 7 
3 19 57 
4 5 9 
4 6 48 
4 7 98 
4 8 2 
4 9 42 
4 10 83 
4 11 83 
4 12 87 
4 13 79 
4 14 70 
4 15 5 
4 16 51 
4 17 70 
4 18 26 
4 19 100 
5 6 98 
5 7 56 
5 8 57 
5 9 73 
5 10 56 
5 11 22 
5 12 94 
5 13 34 
5 14 1 
5 15 85 
5 16 60 
5 17 95 
5 18 89 
5 19 63 
6 7 32 
6 8 16 
6 9 11 
6 10 16 
6 11 43 
6 12 67 
6 13 72 
6 14 100 
6 15 42 
6 16 47 
6 17 73 
6 18 73 
6 19 29 
7 8 37 
7 9 88 
7 10 13 
7 11 71 
7 12 40 
7 13 67 
7 14 57 
7 15 40 
7 16 97 
7 17 49 
7 18 92 
7 19 13 
8 9 36 
8 10 59 
8 11 89 
8 12 95 
8 13 21 
8 14 16 
8 15 59 
8 16 95 
8 17 92 
8 18 89 
8 19 86 
9 10 80 
9 11 69 
9 12 59 
9 13 21 
9 14 87 
9 15 12 
9 16 31 
9 17 51 
9 18 2 
9 19 43 
10 11 46 
10 12 91 
10 13 67 
10 14 60 
10 15 32 
10 16 91 
10 17 2 
10 18 31 
10 19 4 
11 12 34 
11 13 45 
11 14 27 
11 15 19 
11 16 82 
11 17 72 
11 18 26 
11 19 59 
12 13 2 
12 14 57 
12 15 67 
12 16 36 
12 17 50 
12 18 50 
12 19 67 
13 14 43 
13 15 50 
13 16 56 
13 17 11 
13 18 70 
13 19 15 
14 15 33 
14 16 84 
14 17 75 
14 18 99 
14 19 22 
15 16 36 
15 17 6 
15 18 14 
15 19 45 
16 17 7 
16 18 47 
16 19 98 
17 18 32 
17 19 80 
18 19 19 
